10011000000000000000000100000000
00001000100000000110001100000000
10011011000000000001000000000000
01001001100000000000000000000000
01001010100000000000000100000000
00001011100110100000000000000000
00001000100010000000000000000000
00101011100000000000001000000000
10011100000000000000101000000000
00001101110010110000000100000000
00001110110010110000001000000000
00101110100000000000001100000000
10111000111000000000101100000000
11011001110100000000100000000000
00001001100100000001011100000000
00001001100100000101001100000000
01001010100100000000000000000000
01001011100100000000001000000000
11101000100100000000000000000000
11101001110100000000100100000000
00001000100110100000000000000000
10101110110000000000000000000000